y_train,y_train_pre
-2.73,-2.4943084716796875
-1.48,-2.2310214042663574
-3.2,-3.240009307861328
-4.42,-4.9344162940979
-4.081,-4.350643157958984
-4.749,-4.018314361572266
-6.02,-4.757996559143066
-4.8,-4.404488563537598
0.48,-0.5528813600540161
0.57,0.2235279381275177
-3.85,-2.652458906173706
-0.6,-1.8446195125579834
-2.356,-2.268167018890381
-4.43,-2.6436238288879395
-0.42,-2.1718966960906982
0.1,-0.8946254849433899
-3.11,-4.901373863220215
-3.3,-3.4949615001678467
-1.5,-2.5892462730407715
-0.85,-2.3048205375671387
-3.0210000000000004,-4.653622627258301
-2.58,-3.120011806488037
-3.168,-2.825216770172119
-6.62,-5.000875473022461
-1.16,-2.306025981903076
-3.1710000000000003,-2.8473877906799316
0.02,-1.7997010946273804
-3.685,-4.531401634216309
-3.03,-2.4184348583221436
-8.017000000000001,-5.382892608642578
-3.38,-3.2337803840637207
-5.56,-4.649774074554443
-0.47,-1.3385812044143677
-0.972,-1.7364444732666016
-4.571000000000001,-5.172238349914551
-3.08,-2.496476411819458
-4.89,-4.034984588623047
-6.34,-4.749255657196045
-6.35,-5.0723066329956055
-2.32,-2.2590231895446777
-3.2239999999999998,-3.259600877761841
-2.92,-3.138096570968628
-2.24,-1.560198426246643
-2.5639999999999996,-2.8130264282226562
-2.154,-3.7890713214874268
-0.68,-2.2423946857452393
-6.35,-4.529995918273926
-8.172,-5.757781982421875
-3.73,-4.253531455993652
-4.37,-4.2739973068237305
-1.95,-2.3452653884887695
-1.56,-2.852954626083374
-3.46,-3.8407294750213623
-2.03,-0.2421119511127472
-1.25,-3.45292592048645
0.26,-0.7130373120307922
-6.57,-5.612849235534668
-2.58,-2.469886302947998
-5.115,-5.705489158630371
-0.82,-1.5142635107040405
-1.99,-3.9450016021728516
-7.02,-5.798070430755615
-2.11,-2.644036293029785
-1.4,-2.820800542831421
-3.24,-4.6642913818359375
-8.4,-5.218027591705322
-2.39,-2.4052734375
-3.38,-2.7453269958496094
-4.37,-4.3554277420043945
-3.4989999999999997,-4.297074794769287
-3.76,-4.446488380432129
-4.55,-4.008196830749512
-2.08,-3.2397499084472656
-1.716,-3.61930775642395
-3.68,-1.6780143976211548
-2.64,-2.204773426055908
-2.78,-4.3075737953186035
0.58,0.22055764496326447
-6.68,-5.345555782318115
-4.48,-4.041261196136475
-1.64,-1.7715368270874023
-1.11,-1.8019641637802124
-6.005,-3.5703396797180176
-2.35,-2.493805408477783
-3.65,-1.2318203449249268
-2.48,-3.0531420707702637
-4.88,-4.809685707092285
-0.43,-1.483130931854248
-4.09,-5.486166954040527
-3.43,-3.676379442214966
0.64,-1.4013484716415405
-5.0,-4.453947067260742
-6.876,-5.57039737701416
-1.79,-3.4600110054016113
-4.402,-4.923964977264404
-2.36,-1.231621503829956
-3.68,-2.6768457889556885
-1.3,-1.9497896432876587
-2.32,-3.424511671066284
-2.57,-1.2534003257751465
-2.55,-0.7958540916442871
-4.24,-3.4442200660705566
-1.66,-2.652039051055908
-2.61,-1.8979160785675049
-4.706,-3.809083938598633
-0.88,-2.7073278427124023
-1.29,-2.8113651275634766
-3.31,-3.237452745437622
-1.29,-3.0892486572265625
-2.38,-2.941197395324707
-5.24,-3.018653154373169
-4.35,-3.995692491531372
-0.14,-0.5695093870162964
-3.06,-2.4470298290252686
0.38,-2.3198153972625732
-3.408,-2.3123536109924316
-2.56,-0.8391138911247253
-3.64,-4.26373815536499
-1.96,-1.922045111656189
-2.05,-2.727490186691284
0.46,-0.09516396373510361
-0.8,-1.8081706762313843
-1.3,-2.8939743041992188
-2.266,-1.580683946609497
-0.17,-1.779404878616333
-2.21,-4.158097743988037
-0.95,-2.0251617431640625
-0.364,-3.347388505935669
-3.59,-4.762131214141846
-4.36,-2.3812339305877686
-3.4,-3.4858367443084717
-3.69,-4.815018653869629
-6.98,-4.648313522338867
-5.4,-4.130836486816406
-3.451,-4.856173992156982
-3.27,-2.5538887977600098
-2.21,-2.3023736476898193
-0.6,-0.6462816596031189
-2.523,-1.952776312828064
-3.094,-3.980175018310547
-3.03,-2.7523508071899414
-7.321000000000001,-6.120394229888916
-5.54,-4.8528337478637695
-3.5,-3.326855182647705
-4.37,-3.8420138359069824
-2.253,-2.9072928428649902
-2.63,-3.5533447265625
-4.03,-3.3283488750457764
0.29,-0.3175831139087677
-4.23,-2.3740546703338623
-1.85,-1.8176438808441162
-1.17,-1.7728955745697021
-0.29,-2.0039048194885254
0.7,-0.7588368654251099
-0.807,-1.0095194578170776
-5.27,-4.84415340423584
-0.92,-2.0087924003601074
-1.0,-0.6632399559020996
-2.51,-2.3276755809783936
-5.65,-5.118393898010254
-5.53,-4.6860761642456055
-3.27,-3.933415174484253
-1.03,-1.9224164485931396
-9.16,-6.2885870933532715
-0.85,-1.9094921350479126
-3.583,-1.7377326488494873
-3.3,-2.1871886253356934
-1.52,-1.1890677213668823
0.43,-0.45533934235572815
-3.36,-3.8889319896698
0.52,-0.9025529623031616
-2.03,-2.0539417266845703
-0.244,-1.3449903726577759
-1.26,-1.6867809295654297
-5.507000000000001,-5.560980796813965
-0.98,-2.465878963470459
1.02,-1.263065218925476
-3.61,-4.046957969665527
0.106,-0.23501844704151154
-0.51,-1.3616546392440796
-7.92,-6.19234561920166
-3.6719999999999997,-3.354037046432495
-2.253,-2.009976387023926
-7.85,-5.885495185852051
-0.72,-1.0439505577087402
-3.01,-2.6596245765686035
-4.73,-4.6400861740112305
-5.153,-4.243025779724121
-5.25,-4.837407112121582
-0.85,-1.485115647315979
-1.8,-4.369677543640137
-1.85,-1.798537015914917
-2.322,-2.809208631515503
-5.19,-4.004641532897949
-4.4110000000000005,-3.507169723510742
-1.8359999999999999,-1.8500969409942627
-5.08,-2.590017795562744
-1.78,-2.5393290519714355
0.11,-1.661046028137207
0.06,-0.917766273021698
-6.29,-5.490396022796631
-3.28,-3.4794259071350098
-2.46,-2.442211151123047
-0.1,-1.0553054809570312
-1.139,-2.059723138809204
-5.24,-5.477985858917236
-2.77,-2.3403804302215576
-8.56,-6.050717353820801
-0.72,-1.795705795288086
-3.82,-1.9732182025909424
-1.3,-3.448333740234375
-5.36,-4.346936225891113
-2.8,-3.4268856048583984
-0.24,-1.3602135181427002
-1.17,-1.4726388454437256
-0.6,-2.318787097930908
-2.43,-1.5852752923965454
-3.81,-3.5994064807891846
-1.655,-1.6169544458389282
-4.47,-3.908545970916748
-8.6,-5.379241943359375
-4.883,-3.242039918899536
-1.59,-1.1433756351470947
-1.1,-1.1464221477508545
-6.57,-5.6145782470703125
-3.5039999999999996,-3.264598846435547
-5.66,-5.274073600769043
-4.54,-4.2756733894348145
