y_train,y_train_pre
-3.5,-3.475024461746216
-3.4,-3.5907058715820312
-4.0969999999999995,-3.5883326530456543
-4.445,-5.662153720855713
-2.19,-0.8588031530380249
-4.57,-3.4557414054870605
-2.78,-2.601362705230713
-3.43,-4.545496463775635
-6.124,-4.500422954559326
-1.09,-1.15937340259552
-1.73,-1.6415783166885376
-6.96,-5.329013824462891
-2.39,-2.351433515548706
0.79,-0.04650603607296944
-4.19,-3.751155138015747
-2.0,-2.4001755714416504
-0.72,-1.498883843421936
-1.34,-1.2923698425292969
-7.28,-6.053676605224609
-2.468,-2.371908664703369
-7.21,-6.325692176818848
-1.89,-1.951364517211914
-1.87,-1.9709217548370361
-4.376,-3.9506664276123047
-3.324,-3.7000346183776855
-7.39,-6.0200605392456055
-1.11,-1.6126124858856201
-0.807,-0.8280954360961914
-2.452,-2.7153353691101074
-8.0,-5.9330291748046875
-0.82,-1.4512614011764526
-3.127,-3.518676280975342
-4.8,-4.757594108581543
-1.742,-0.681433916091919
-2.55,-0.6749997138977051
-3.61,-3.4618263244628906
-3.451,-4.659418106079102
-4.37,-3.86535382270813
-2.22,-3.0725231170654297
-1.989,-3.158883571624756
-0.8540000000000001,-2.040945053100586
-5.51,-3.5054595470428467
-4.07,-4.617541313171387
-1.55,-3.4249000549316406
-2.57,-2.506060838699341
-6.2,-5.601550102233887
-2.33,-0.7466846108436584
-2.266,-1.3530073165893555
-2.878,-3.480853319168091
-6.49,-4.303102970123291
-1.8030000000000002,-1.3713277578353882
-1.34,-1.5667812824249268
-4.13,-3.876011371612549
-0.89,-1.563469648361206
-7.337000000000001,-5.645779609680176
-0.7,-0.9889333844184875
-5.24,-3.025362491607666
-0.39,-0.8727954030036926
-2.0,-2.0614638328552246
-1.94,-3.7538819313049316
0.38,-2.136725664138794
-1.17,-1.4772427082061768
-2.36,-1.1766904592514038
-3.01,-2.461030960083008
-4.57,-4.790572643280029
-1.03,-1.7237350940704346
-2.73,-4.39259672164917
-2.43,-1.567351222038269
-2.39,-2.7517285346984863
-5.233,-4.664985656738281
-0.5,-1.5000054836273193
-3.927,-3.5308005809783936
-8.334,-6.5562944412231445
-2.35,-2.388780117034912
-5.82,-5.688508987426758
-2.92,-2.6971755027770996
-2.0,-2.7633423805236816
-3.638,-4.273995399475098
0.62,-1.3112627267837524
-3.81,-3.0018789768218994
-4.0,-4.257572174072266
-2.766,-1.4809569120407104
-3.28,-3.406588315963745
-4.64,-3.6310203075408936
-2.41,-1.6853059530258179
-3.76,-4.363124370574951
-3.38,-2.8406929969787598
-3.54,-3.4490737915039062
-6.317,-5.56268835067749
-5.64,-5.9014410972595215
-4.47,-3.7343952655792236
-4.59,-3.7338409423828125
-1.72,-2.4451394081115723
-3.6039999999999996,-4.928260803222656
-2.77,-2.3683056831359863
-0.85,-0.3942941725254059
-6.96,-4.872801303863525
-4.06,-3.0189831256866455
-3.37,-2.3439791202545166
-3.7,-3.5980865955352783
-3.1,-5.052034378051758
-4.16,-3.0608136653900146
-1.39,-1.7993558645248413
-6.57,-5.9949541091918945
-7.02,-6.046313285827637
0.523,-2.223040819168091
-1.54,-1.8794958591461182
-3.69,-4.658792495727539
-8.71,-6.564383029937744
-4.21,-4.098459243774414
-4.64,-3.8900561332702637
-3.46,-2.613086700439453
-2.281,-2.610151529312134
-1.29,-1.4543863534927368
-6.39,-4.987337112426758
-1.52,-2.5803933143615723
-2.9819999999999998,-3.236994981765747
-4.114,-4.152866363525391
-2.07,-3.3460536003112793
-2.46,-2.5965983867645264
-2.49,-2.095244884490967
-1.37,-2.574486255645752
-0.6,-1.62851083278656
-3.39,-3.2254021167755127
-2.82,-1.7715470790863037
-7.11,-4.896088600158691
-3.38,-1.3072160482406616
-2.94,-3.694760799407959
1.1,-0.17209263145923615
-3.33,-4.2646002769470215
-3.19,-4.057215690612793
-0.45,-0.6014958620071411
1.1,-0.49032697081565857
-0.67,-1.268813133239746
-0.72,-1.506316065788269
-4.4,-3.9974982738494873
-2.46,-2.4946820735931396
-0.6,-2.311793804168701
-2.81,-2.8036017417907715
-0.29,-1.0955119132995605
-3.4989999999999997,-4.628384590148926
-2.218,-3.1207098960876465
-3.931,-5.212015628814697
-1.29,-2.581627130508423
-2.74,-3.1801443099975586
-2.16,-2.6681437492370605
-5.4,-5.121701717376709
-2.4,-0.9402085542678833
-0.72,-1.2845038175582886
-0.46,-1.2431297302246094
-1.4,-2.6043636798858643
-3.48,-4.440286159515381
-0.74,-1.2858765125274658
-1.48,-2.2702019214630127
-4.0,-4.288617134094238
-0.51,-1.0673290491104126
-0.7,-2.4028828144073486
0.81,-1.3297250270843506
-1.08,-0.3435298800468445
-4.16,-3.306431293487549
-1.4880000000000002,-0.6465325951576233
-2.68,-3.8508572578430176
-4.24,-3.587258815765381
-1.95,-1.7466284036636353
-0.74,-1.4862874746322632
-4.03,-3.4736061096191406
-7.66,-6.737318515777588
-0.78,-1.7054544687271118
-6.98,-5.086194038391113
-2.39,-2.27280855178833
-2.55,-3.253431797027588
-4.19,-5.2337446212768555
-0.79,-0.6655058860778809
-1.01,-1.4809601306915283
-6.26,-5.564617156982422
-3.4010000000000002,-1.4393136501312256
-3.31,-3.1689789295196533
-3.35,-3.2174453735351562
-6.25,-5.556122779846191
-1.71,-2.590668201446533
-3.66,-2.7559714317321777
-6.59,-5.795045375823975
-1.92,-1.0088716745376587
-2.84,-5.5050048828125
-1.8,-2.0161004066467285
-3.04,-2.402026891708374
-1.74,-2.939396381378174
-8.49,-5.934573173522949
-1.28,-2.3819689750671387
-3.88,-3.8249473571777344
-4.24,-3.9921631813049316
-1.11,-1.649228811264038
-2.42,-2.7027769088745117
-0.1,-0.8659557104110718
-1.601,-3.2649197578430176
-3.37,-4.809539794921875
-2.148,-1.542538046836853
-4.08,-3.797957181930542
-2.322,-2.7176387310028076
-1.886,-1.2136930227279663
-3.21,-2.989131212234497
-5.886,-4.795215606689453
-0.36,-1.5108318328857422
-3.083,-2.8076469898223877
-2.696,-3.202993392944336
-1.99,-1.7839298248291016
-2.523,-1.7592074871063232
-8.01,-6.563931941986084
-1.6,-2.070251941680908
-4.65,-4.6934003829956055
-1.3,-1.9683994054794312
-1.96,-1.519289255142212
-2.06,-1.3871787786483765
-0.41,-1.462244987487793
-2.349,-2.1035494804382324
-5.14,-5.2267913818359375
-4.328,-3.9577040672302246
-3.85,-4.138186931610107
-2.56,-3.035867691040039
-4.17,-3.9724535942077637
-5.84,-4.931955814361572
-2.09,-0.914781391620636
-4.0,-3.3689613342285156
-5.08,-2.521594762802124
-2.168,-2.9229836463928223
-7.32,-4.897618293762207
-3.96,-2.9129867553710938
-0.82,-1.238399624824524
