y_train,y_train_pre
-3.48,-2.9694602489471436
-3.68,-3.5465385913848877
-2.658,-2.932265281677246
-2.35,-2.4973337650299072
-4.47,-3.4028408527374268
-5.67,-5.191889762878418
-0.22,-0.7831756472587585
-2.19,-1.580886960029602
-4.16,-3.6355185508728027
-5.72,-5.140194892883301
-2.148,-2.1529958248138428
-1.96,-2.142615556716919
-4.69,-4.074786186218262
-5.233,-4.722805976867676
-5.382000000000001,-5.227669715881348
-3.37,-3.0237605571746826
-2.34,-2.240760087966919
-3.8,-3.4832611083984375
-1.716,-3.287743091583252
-5.4,-5.237144470214844
-1.13,-3.0612354278564453
1.1,0.1023089736700058
-0.91,-1.2855689525604248
-2.12,-1.5927698612213135
-3.2239999999999998,-3.4574217796325684
0.43,-0.41752591729164124
-4.862,-3.8539230823516846
-1.661,-2.721792221069336
-6.0,-5.842230796813965
-7.39,-6.635967254638672
-0.39,-0.418975293636322
0.15,0.02455008402466774
-1.45,-2.03035306930542
-2.878,-2.500868558883667
-3.59,-3.172028064727783
0.85,-0.23048356175422668
-1.16,-1.480845332145691
-4.1,-4.45631217956543
-2.09,-3.7127277851104736
0.29,-0.014987394213676453
-2.31,-2.133793830871582
-0.667,-0.38620176911354065
-2.617,-3.688446044921875
-4.046,-4.280488967895508
-3.04,-3.1573097705841064
-3.77,-3.8378500938415527
-3.3,-2.8422393798828125
-3.43,-3.455348491668701
-5.27,-5.253462791442871
-2.62,-3.283086061477661
-2.356,-3.268049716949463
-1.64,-3.0822112560272217
-2.21,-1.7537946701049805
-0.972,-1.0568690299987793
-6.86,-6.662666320800781
-7.321000000000001,-6.980129241943359
-1.995,-1.9711494445800781
-0.85,-0.704844057559967
-2.925,-4.147404670715332
-3.37,-3.7350471019744873
-2.68,-2.4078612327575684
-1.44,-1.1741812229156494
-1.601,-3.210369110107422
-1.48,-2.129173755645752
-2.57,-2.531398296356201
-0.24,-0.522692859172821
1.09,1.103060245513916
-3.46,-3.742628812789917
-2.34,-2.5580718517303467
-2.338,-3.5008273124694824
-1.74,-1.6188409328460693
-4.2860000000000005,-3.9985103607177734
-4.45,-3.1145896911621094
-3.68,-2.2340502738952637
0.523,-1.8586978912353516
-4.23,-4.606693267822266
-1.96,-0.9951030015945435
-9.332,-7.918853759765625
-4.7,-4.105260848999023
-0.8,-1.1034657955169678
-2.8310000000000004,-2.786400556564331
-6.025,-5.305465221405029
-3.66,-3.114300489425659
-3.451,-3.4148712158203125
-6.876,-6.025607109069824
-0.7,-1.0118472576141357
-3.4989999999999997,-5.012953758239746
-1.92,-1.7872709035873413
-4.55,-4.588249206542969
-0.12,-0.6550067067146301
-4.6339999999999995,-3.833845615386963
-1.38,-2.183852434158325
-3.39,-2.733741283416748
-3.32,-3.455348491668701
1.1,0.8170123100280762
-0.6,-0.5190193057060242
-2.35,-2.778477430343628
-5.736000000000001,-5.711551666259766
-5.752000000000001,-6.227064609527588
-1.24,-1.2629430294036865
-0.41,-0.040448468178510666
-8.334,-8.262181282043457
-2.03,-1.3437964916229248
-6.2,-6.0676655769348145
-1.742,-1.0590194463729858
-1.228,-1.4646847248077393
-0.4,-0.39768925309181213
-4.04,-3.777712345123291
-1.06,-2.575793504714966
-2.55,-2.3495469093322754
-1.96,-0.9951030015945435
-4.632,-3.70428204536438
-3.13,-2.8434975147247314
-4.36,-2.3975133895874023
-2.676,-2.090230941772461
-2.22,-2.9594883918762207
-2.932,-1.8223892450332642
-2.58,-3.0133962631225586
-2.24,-3.2577552795410156
-8.71,-7.5220489501953125
-3.2,-3.477815628051758
-5.27,-5.435009956359863
-3.39,-3.9567482471466064
-4.26,-4.055816173553467
-2.59,-3.5399327278137207
-3.43,-3.794663190841675
-2.766,-2.421679973602295
0.11,-1.0938973426818848
-1.68,-2.213278293609619
-3.928,-4.2153215408325195
0.06,1.103060245513916
-1.46,-1.9591825008392334
-8.176,-6.177634239196777
-0.466,-1.488824725151062
-1.77,-1.9350849390029907
-5.2589999999999995,-6.309575080871582
-4.63,-4.998442649841309
-4.21,-4.084700584411621
-4.8,-4.504786014556885
-0.4,-0.39463573694229126
-2.452,-2.4931955337524414
-8.804,-6.9607343673706055
-3.18,-2.8634190559387207
-1.139,-1.294053316116333
-3.1,-2.8379554748535156
-3.0,-4.010468482971191
-3.93,-4.081293106079102
-6.35,-4.843658924102783
-2.468,-2.9352128505706787
-2.74,-3.0285115242004395
-2.09,-1.8813798427581787
-2.28,-2.6029272079467773
-1.52,-2.38537859916687
-3.4,-3.4576034545898438
-5.886,-4.844794273376465
-3.61,-4.176884174346924
-4.88,-3.9620938301086426
-4.86,-4.105552673339844
-6.29,-5.829562187194824
-3.38,-3.3090286254882812
-3.24,-4.103390693664551
-6.6370000000000005,-6.242969036102295
-0.02,-0.2723420560359955
-1.3,-2.3866562843322754
-2.28,-1.9749301671981812
-1.73,-1.8063738346099854
-3.68,-3.2415175437927246
-3.79,-3.950242519378662
-6.34,-4.796830177307129
-0.46,-0.9223184585571289
-1.3,-1.3622649908065796
-6.57,-6.653487205505371
-1.93,-2.3237781524658203
-0.72,-0.9753497838973999
-2.39,-2.5114529132843018
-3.083,-2.5331873893737793
-1.14,-1.2491075992584229
-4.09,-5.494691848754883
-0.4,-0.8528764843940735
-5.19,-3.7302603721618652
-2.68,-3.604372501373291
-1.81,-2.088562488555908
-3.11,-3.7721219062805176
-2.478,-2.7814059257507324
-4.88,-4.5361008644104
-1.29,-1.4602000713348389
-4.2,-4.104021072387695
-3.6719999999999997,-3.258328676223755
-1.6,-1.5265849828720093
-1.8,-2.388887643814087
1.02,0.037250690162181854
-3.15,-3.126094102859497
0.36,-1.9791791439056396
-2.64,-3.563730239868164
-3.29,-3.275782346725464
-5.47,-5.585053443908691
-6.523,-5.329745769500732
-2.7,-2.769850254058838
-2.64,-2.9278156757354736
-4.95,-4.167197227478027
-3.96,-2.9742088317871094
-4.07,-4.564754962921143
-6.59,-6.6699957847595215
-1.41,-1.3428621292114258
-2.42,-1.978867769241333
-4.0969999999999995,-3.6044552326202393
-2.92,-2.9192099571228027
-1.614,-2.2715282440185547
-0.22,-0.7711018919944763
-6.98,-5.794899940490723
-4.57,-5.055383205413818
-0.92,-1.1632335186004639
-3.4010000000000002,-1.0542043447494507
-2.461,-2.8782310485839844
-2.46,-2.8392350673675537
-2.77,-2.660001277923584
-2.16,-1.9963204860687256
-0.742,-1.3714160919189453
-5.24,-3.676664352416992
-1.4,-1.6756565570831299
-1.37,-2.0755398273468018
-1.29,-1.9881452322006226
-4.31,-3.8791229724884033
-11.6,-8.440139770507812
0.32,0.05404273420572281
-3.84,-4.61231803894043
-4.35,-4.312228202819824
-2.253,-2.322316884994507
-2.09,-2.779433012008667
-4.64,-4.801612377166748
-5.06,-4.522493839263916
0.0,-0.5066878795623779
0.32,-0.1665133237838745
-7.39,-7.503893852233887
-1.99,-1.1284910440444946
-2.92,-3.130634069442749
-3.55,-2.0436205863952637
-5.64,-6.249032020568848
-4.42,-5.3815813064575195
-3.1,-4.483243465423584
-3.81,-3.524980068206787
-2.593,-3.022684097290039
-7.337000000000001,-6.245100021362305
-1.95,-1.158022403717041
0.07,-1.0514932870864868
-1.11,-1.210833191871643
-0.17,-0.21773453056812286
-2.68,-3.007901191711426
-4.38,-4.801043510437012
-6.62,-5.559714317321777
0.009000000000000001,-0.740627646446228
-5.89,-5.499426364898682
-2.436,-1.7063791751861572
-2.42,-3.1890041828155518
-3.583,-1.234323501586914
-1.39,-1.2413694858551025
-2.7,-3.1531145572662354
-2.68,-3.007901191711426
-8.23,-6.90252685546875
-1.84,-1.0034964084625244
0.38,-1.9497692584991455
-3.05,-2.2012882232666016
-1.96,-1.9715598821640015
-4.047,-4.991686820983887
-5.51,-4.605107307434082
-2.84,-5.288823127746582
-1.34,-1.2966974973678589
-3.05,-3.1720986366271973
-6.68,-6.203788757324219
-2.07,-2.963064193725586
-3.5860000000000003,-4.319980621337891
-4.13,-3.880455732345581
-5.35,-4.96640682220459
-2.05,-2.5981485843658447
-2.33,-1.2206292152404785
-1.32,-1.9590637683868408
-0.85,-1.251479983329773
-2.21,-3.616690158843994
-2.22,-2.576225757598877
-0.1,-0.3041263520717621
-6.01,-5.655313968658447
-0.8,-1.3071696758270264
-2.21,-1.8136584758758545
-0.14,-0.30892670154571533
-1.62,-1.4885808229446411
-7.28,-6.59829568862915
-1.34,-0.8255311250686646
-3.1,-2.719865322113037
-0.7,-0.9014899134635925
-3.571,-3.879908323287964
-5.115,-6.5333051681518555
-0.31,-0.04877582937479019
-2.05,-2.80720853805542
-6.176,-5.944046974182129
0.715,-2.1606547832489014
-9.15,-8.090843200683594
0.39,0.842628002166748
-3.77,-3.543121337890625
-2.49,-2.679969310760498
-4.89,-4.266154766082764
-4.15,-3.5885231494903564
-0.8540000000000001,-1.4593257904052734
-4.755,-4.6453752517700195
-2.11,-2.281412124633789
-3.03,-2.3760290145874023
-4.26,-2.6278891563415527
-0.43,-0.5049564242362976
-2.349,-2.1862380504608154
-5.26,-4.876669883728027
-7.43,-7.116293907165527
-8.6,-7.521590232849121
-3.78,-4.328899383544922
-3.01,-3.035141706466675
-1.899,-2.270207166671753
-3.927,-3.656024932861328
-5.19,-4.678442478179932
-3.54,-3.6541125774383545
-1.72,-1.9815813302993774
-1.6,-1.6715400218963623
-3.12,-3.291473865509033
-0.99,-1.0262014865875244
-4.77,-4.84234094619751
-6.144,-5.598909854888916
-7.15,-6.668007850646973
-2.03,-2.1474106311798096
0.47,-0.02676326036453247
-3.18,-3.1089508533477783
-6.09,-5.334227085113525
-4.44,-3.6234240531921387
-4.14,-4.5660505294799805
-1.11,-1.274174451828003
-5.05,-3.455683946609497
-3.17,-3.099534273147583
-1.74,-3.0822112560272217
-4.553999999999999,-4.183598518371582
-7.66,-7.829442024230957
-4.46,-5.0911126136779785
-1.0,-0.8693618774414062
-0.63,-1.090997338294983
-3.28,-3.802574634552002
-2.928,-3.245222568511963
-2.39,-2.5777552127838135
-2.96,-2.7125325202941895
-3.18,-1.9905331134796143
-1.0,-1.683603048324585
-1.45,-2.3812427520751953
-2.73,-1.7844209671020508
0.54,-0.6272962689399719
-7.87,-7.141882419586182
-3.93,-1.526816487312317
-3.26,-4.250036239624023
-3.638,-3.8719069957733154
0.3,-0.5381238460540771
-2.67,-3.145503520965576
-2.44,-2.6809287071228027
-3.091,-3.8327484130859375
-7.96,-6.1588335037231445
-4.7,-4.637577056884766
-6.124,-5.164149761199951
0.58,0.04251212626695633
-3.62,-2.73595929145813
-1.91,-2.229529857635498
-3.22,-3.7143664360046387
0.15,-0.2431831657886505
-1.33,-1.5761115550994873
-2.484,-2.759021520614624
-4.871,-4.403019905090332
-2.077,-2.6593918800354004
-3.364,-1.810485601425171
-1.99,-2.588637590408325
-2.53,-2.8315682411193848
-3.18,-1.730023741722107
-0.77,-1.1882102489471436
-1.9809999999999999,-3.013453245162964
-5.03,-4.127728462219238
-5.0,-4.838285446166992
-5.8389999999999995,-4.814980506896973
-4.47,-3.723722457885742
-4.11,-4.148043155670166
-4.73,-4.314805030822754
-2.676,-2.9863975048065186
-2.55,-2.681098222732544
-8.94,-7.843987941741943
-0.59,-0.06777514517307281
-1.28,-1.5169305801391602
-1.06,-0.9409729242324829
-4.571000000000001,-4.343777179718018
-4.6,-3.9481170177459717
-0.82,-1.1592215299606323
-0.63,-0.3709720969200134
-5.666,-5.815954685211182
-5.22,-5.418643951416016
0.49,-0.794330358505249
-2.266,-1.0213710069656372
-6.39,-5.240556240081787
-4.099,-4.123237609863281
-4.55,-2.5971903800964355
-4.62,-4.156214237213135
-4.57,-4.355434894561768
-1.64,-1.8690944910049438
-2.5639999999999996,-3.0784859657287598
-2.39,-2.6545002460479736
-2.54,-2.884204149246216
-1.99,-1.3613882064819336
-3.127,-2.717043399810791
-0.5,-0.9726144671440125
-1.85,-1.449558138847351
-3.27,-3.752167224884033
-3.27,-3.008544445037842
-0.89,-1.3479869365692139
-3.38,-2.4518890380859375
-3.952,-4.252361297607422
-4.37,-4.516066551208496
-1.37,-1.1366275548934937
-2.36,-2.462907075881958
-2.35,-2.4424285888671875
-3.04,-3.6927528381347656
-1.55,-1.785326600074768
-3.88,-3.944197177886963
-4.376,-4.106882095336914
-1.23,-0.7334828972816467
-3.685,-2.8282341957092285
-2.78,-4.249705791473389
-4.081,-3.7201931476593018
-1.96,-2.3072571754455566
-4.955,-4.183961868286133
-3.483,-3.48858380317688
-3.0210000000000004,-3.951319932937622
-3.48,-3.8512606620788574
-1.077,-0.9952040910720825
-1.11,-1.3346655368804932
-5.4,-4.546569347381592
-2.33,-1.8971573114395142
-3.09,-3.772934675216675
0.58,0.5257975459098816
-4.54,-4.390965461730957
-2.7,-3.3550891876220703
-2.37,-2.401801824569702
-3.59,-3.94104266166687
-4.36,-2.622149705886841
-1.85,-1.3780455589294434
-4.71,-4.690128803253174
-4.72,-4.556117057800293
1.58,0.3797447681427002
-3.61,-3.180772542953491
-0.62,-1.1319520473480225
-4.92,-4.585953235626221
-3.37,-4.475427627563477
-3.67,-4.217528343200684
-4.53,-4.874463081359863
-5.65,-5.812683582305908
-3.85,-3.1354212760925293
-3.04,-3.058711528778076
1.34,0.8717471361160278
-2.13,-2.525132894515991
-6.301,-5.095623970031738
-7.0,-6.097736358642578
