y_train,y_train_pre
-3.88,-4.625294208526611
-2.33,-2.323166608810425
-4.38,-5.107553005218506
-4.53,-4.7756805419921875
-0.6,-0.5274797081947327
-6.57,-7.156004905700684
-3.53,-3.0138649940490723
-0.72,-0.6071361303329468
-2.58,-2.6431169509887695
-4.95,-4.1503190994262695
-0.85,-0.8281482458114624
-3.535,-4.254837512969971
-5.21,-5.510875701904297
-3.18,-3.237828016281128
-7.28,-6.4986419677734375
-1.989,-2.6430537700653076
-1.09,-1.0169789791107178
-2.64,-2.540158748626709
-4.871,-4.4946465492248535
-5.931,-5.675891876220703
-5.05,-5.128530979156494
-5.16,-4.266181945800781
-0.17,-0.8305120468139648
-4.4,-4.6791672706604
-3.083,-3.094816207885742
-1.52,-2.432591438293457
-8.94,-8.41574764251709
-3.68,-3.452202558517456
-4.4,-4.6917595863342285
-1.81,-1.80709969997406
-1.78,-2.0275065898895264
-2.37,-1.7621771097183228
-0.49,-0.44624295830726624
-0.36,-0.37766680121421814
-5.4,-5.074285984039307
-2.4,-1.5687415599822998
-4.09,-3.9990742206573486
-3.592,-3.3304543495178223
-2.32,-2.3734383583068848
-1.66,-2.168355703353882
-1.77,-1.2969262599945068
-0.4,-1.0550963878631592
-2.676,-2.7115085124969482
-2.92,-3.046877384185791
0.32,0.24081559479236603
-9.017999999999999,-8.545244216918945
-1.995,-1.7773364782333374
-4.5,-4.772655487060547
-4.22,-3.9207992553710938
-3.04,-3.3862996101379395
-1.7080000000000002,-1.9514793157577515
-3.7539999999999996,-3.9271621704101562
-4.92,-4.5936408042907715
-3.65,-3.6975619792938232
0.85,0.16650673747062683
-2.57,-2.5021297931671143
-6.02,-5.200316429138184
-4.4110000000000005,-4.1114373207092285
-3.77,-4.037749290466309
-4.69,-3.9516944885253906
-2.68,-2.1410529613494873
-5.153,-4.216930389404297
-4.55,-4.865086078643799
-1.94,-1.812867522239685
0.54,0.7223561406135559
-3.23,-3.2815184593200684
-6.35,-5.663509845733643
-2.35,-1.7138696908950806
0.15,0.10990552604198456
-4.522,-4.021121025085449
-1.91,-1.929343581199646
-3.37,-3.31738018989563
-3.24,-3.538496732711792
-0.04,-0.11934857070446014
-1.8,-1.9140151739120483
-4.07,-3.6500344276428223
-1.45,-1.2430517673492432
-2.932,-2.013213634490967
-1.74,-1.9921964406967163
-5.22,-5.157038688659668
-2.56,-2.65504789352417
-3.091,-3.011073350906372
-4.81,-4.816523551940918
-0.92,-0.8976886868476868
-4.5760000000000005,-4.500850677490234
-5.37,-4.921149253845215
-3.26,-3.037952184677124
-2.67,-2.6147966384887695
-3.6719999999999997,-3.0775723457336426
-2.148,-1.873734474182129
-0.09,-0.217991441488266
-3.64,-3.365294933319092
-5.14,-5.0318498611450195
-0.59,-0.6744359135627747
-3.15,-3.5440990924835205
-2.64,-2.42695689201355
-4.0,-3.947596788406372
-3.54,-3.772404193878174
-5.64,-5.233221530914307
-3.927,-2.9815733432769775
-3.451,-3.4951157569885254
-0.8,-0.7398815155029297
-0.364,-0.5641905069351196
-4.26,-4.323755741119385
-3.42,-3.0648884773254395
0.28,0.13116252422332764
-2.9819999999999998,-2.7446773052215576
-2.49,-2.363182306289673
-2.12,-1.7144696712493896
-2.94,-3.779639482498169
-1.93,-2.2119429111480713
-3.39,-3.585313081741333
-5.47,-4.5550127029418945
-1.3,-1.7674925327301025
-2.925,-3.337681531906128
-8.017000000000001,-7.243325710296631
-5.233,-5.0789055824279785
-2.55,-2.4304568767547607
-3.52,-2.7534661293029785
-2.452,-2.4501500129699707
-2.82,-2.546747922897339
0.6509999999999999,0.9886524081230164
-7.337000000000001,-7.496942043304443
-3.18,-3.1148219108581543
-4.099,-4.280331611633301
-2.48,-2.4950692653656006
1.12,1.3989923000335693
-3.127,-2.7229366302490234
-1.59,-1.6508293151855469
-2.46,-2.3356516361236572
-4.42,-4.880687713623047
0.62,0.6801574230194092
-2.1109999999999998,-2.562026023864746
-2.34,-2.5751283168792725
-3.59,-4.1150617599487305
-4.46,-4.763546466827393
-3.7,-3.8998329639434814
-3.48,-2.99973726272583
-3.04,-2.9480948448181152
-4.55,-3.269299030303955
-6.2,-6.017635822296143
-2.64,-1.9834973812103271
-1.01,-0.9987028241157532
-3.01,-3.0462803840637207
-5.54,-5.181004524230957
-2.468,-2.6890087127685547
-1.62,-1.1345884799957275
-3.01,-2.825652599334717
-0.43,-0.5755187273025513
-2.42,-2.6305155754089355
-4.43,-3.5566115379333496
-0.985,-1.5145190954208374
-4.25,-4.2890801429748535
-4.0,-3.6588425636291504
0.26,0.35342487692832947
0.38,0.18573936820030212
-4.047,-4.357056617736816
-6.57,-6.968275547027588
-2.676,-3.158522844314575
-1.33,-1.4666945934295654
-4.57,-4.796834468841553
-8.699,-7.94852352142334
-6.9,-7.071206569671631
-0.63,-0.33413755893707275
-4.77,-4.5783162117004395
-6.01,-6.3319573402404785
-1.228,-1.338945984840393
-1.16,-1.4224116802215576
-6.291,-6.62343692779541
-3.9989999999999997,-4.189791679382324
-0.12,0.06390118598937988
-3.37,-2.9535114765167236
0.715,0.27518171072006226
-3.22,-2.7649669647216797
-3.59,-3.952657699584961
-3.81,-3.6776115894317627
-2.21,-2.6391167640686035
-3.11,-3.232496738433838
-2.73,-3.0040979385375977
-5.82,-5.589334964752197
-1.11,-1.2068580389022827
-3.4930000000000003,-3.677586317062378
-3.3,-3.251875400543213
-1.24,-0.8279256820678711
-4.89,-4.715737342834473
-3.19,-3.7079615592956543
-2.09,-2.082263469696045
-2.596,-2.6519041061401367
-3.14,-3.022416353225708
-1.6,-1.5741868019104004
-3.85,-3.1639716625213623
-2.68,-2.4758760929107666
-9.332,-9.042322158813477
-1.28,-0.9765968322753906
-2.658,-2.6829495429992676
-3.571,-3.4766407012939453
0.38,0.32849445939064026
-4.445,-5.687391757965088
-5.19,-3.9850754737854004
-3.37,-3.261240005493164
-8.334,-8.822490692138672
-1.8769999999999998,-2.6182918548583984
-3.785,-3.8433775901794434
0.76,0.9794052243232727
-6.26,-6.2855095863342285
0.43,0.5880129933357239
-1.92,-1.9282562732696533
-4.42,-4.423613548278809
1.1,1.3475757837295532
-2.077,-1.7392103672027588
-0.667,-1.0309734344482422
-8.176,-7.476670742034912
-0.8,-0.4246177077293396
-1.3,-1.2495379447937012
-0.29,-0.15946519374847412
-3.24,-3.3501479625701904
-0.98,-0.9551203846931458
-1.19,-0.9614243507385254
-6.34,-5.696168422698975
-2.58,-2.2907767295837402
-5.68,-5.67134952545166
-2.39,-2.586447238922119
-1.6,-1.5185229778289795
-3.19,-3.363170623779297
-3.928,-3.9230875968933105
-4.23,-3.884979248046875
-2.7,-2.855098247528076
-3.77,-4.121968746185303
-6.35,-6.082760810852051
-1.64,-1.5705845355987549
0.523,0.07638943195343018
-3.27,-3.059652805328369
-0.77,-0.17555132508277893
-5.26,-5.393764495849609
0.0,0.05650385096669197
-1.34,-1.3021330833435059
-2.34,-2.1741251945495605
-1.601,-1.9254099130630493
-4.19,-4.285700798034668
-4.88,-4.794997215270996
-2.253,-2.1451897621154785
-4.36,-3.8421597480773926
-1.92,-0.5866073369979858
-2.38,-2.12190580368042
-4.62,-4.523242950439453
-1.14,-1.1092337369918823
-2.35,-3.0778868198394775
0.15,0.16234688460826874
-5.72,-5.439248561859131
-5.27,-4.5174560546875
-5.382000000000001,-5.308367729187012
-2.12,-2.030165910720825
0.79,0.31086665391921997
-4.08,-3.7738564014434814
-0.22,-0.15378737449645996
-1.75,-0.993395209312439
-0.19,-0.16254881024360657
-5.23,-4.637467861175537
-4.17,-4.494495391845703
-1.28,-2.057020902633667
-4.14,-4.326220512390137
-3.93,-4.2749834060668945
-1.54,-1.4468982219696045
-0.91,-1.4464080333709717
-2.86,-3.1113767623901367
-1.96,-2.2851147651672363
-2.62,-3.080017328262329
-0.79,-0.5356391072273254
-4.7,-4.032011985778809
-1.44,-1.2437236309051514
-2.523,-1.6404151916503906
-1.52,-1.4044371843338013
-4.93,-5.066608428955078
-4.735,-3.219653606414795
-3.14,-3.211909055709839
0.51,0.21567435562610626
-0.85,-0.7284184694290161
0.48,0.8174667358398438
-1.32,-1.23088800907135
-7.11,-6.094021320343018
-0.8759999999999999,-0.8730770945549011
-2.22,-2.061779499053955
-4.678999999999999,-4.392127513885498
-2.34,-2.022725820541382
-1.4580000000000002,-1.3790403604507446
-2.63,-2.38712739944458
0.15,0.040911875665187836
-2.42,-2.3014140129089355
-2.92,-2.693899154663086
0.106,-0.6743811368942261
-1.55,-1.814190149307251
-1.96,-2.167726993560791
-6.49,-5.57021427154541
-3.35,-3.5609488487243652
-3.81,-4.230769634246826
0.11,-0.259788453578949
-3.1,-3.0593783855438232
-1.21,-1.1422070264816284
-4.8,-4.744978427886963
0.35,0.29366329312324524
-0.63,-0.6498175859451294
-2.484,-2.6075847148895264
-3.17,-2.868757963180542
-0.42,-0.1673753410577774
-5.19,-4.871516227722168
-4.328,-3.887294292449951
-4.21,-3.5701847076416016
-1.077,-1.7442474365234375
-1.13,-1.996080756187439
-4.207,-4.4329376220703125
-1.96,-2.179946184158325
-8.402000000000001,-7.604576110839844
-5.51,-5.619168281555176
-2.35,-2.1872739791870117
-1.34,-1.1288836002349854
-1.87,-1.692906379699707
-4.36,-4.006861686706543
-0.83,-0.5210924744606018
-2.07,-2.123570203781128
-6.317,-6.2923126220703125
-1.74,-1.5571191310882568
-4.56,-4.010720729827881
-1.9809999999999999,-2.2517197132110596
-1.899,-1.890721082687378
-3.2239999999999998,-3.016058921813965
1.57,1.760873794555664
0.39,0.5136051774024963
-3.685,-3.2452099323272705
-5.89,-5.897204399108887
-4.16,-4.203128814697266
-3.29,-3.0760111808776855
-2.78,-3.4485373497009277
-3.04,-3.0528807640075684
-2.09,-1.6174638271331787
-1.17,-1.1510541439056396
-1.6,-1.0680510997772217
-0.96,-0.9925488233566284
-4.632,-4.321122169494629
-0.71,-0.9896233677864075
-0.29,-0.2591077387332916
1.07,0.65309077501297
-1.7,-1.6395117044448853
-3.31,-3.1845171451568604
-2.843,-2.369877338409424
-4.114,-3.892627716064453
-3.1710000000000003,-3.3878402709960938
-4.38,-3.98161244392395
-4.7989999999999995,-4.254837512969971
-5.915,-5.518073081970215
0.32,0.46515679359436035
-4.755,-4.530755043029785
-1.3,-0.8185283541679382
-4.48,-3.985741376876831
-2.43,-2.3028342723846436
0.32,0.03570723906159401
-4.8,-4.4213457107543945
-6.8,-6.250157833099365
-2.89,-3.2489399909973145
-7.02,-7.399468898773193
-2.5810000000000004,-2.188619613647461
1.11,1.0437513589859009
-1.661,-2.354217052459717
-3.931,-4.76931095123291
-4.24,-4.378605365753174
-2.73,-2.57694673538208
-0.03,-0.08981788158416748
-2.17,-2.3332178592681885
-6.237,-6.311600685119629
-5.25,-5.56343936920166
-2.37,-2.349778175354004
-8.56,-8.018564224243164
0.26,0.5937601923942566
-3.39,-3.2942891120910645
-1.52,-1.0342248678207397
-3.73,-3.9611148834228516
-3.38,-3.424823045730591
-3.54,-3.6372952461242676
-4.02,-3.702291488647461
-0.02,0.5452094674110413
-3.67,-3.5479655265808105
-1.29,-0.7284771800041199
-5.284,-4.818428039550781
-1.99,-1.8311465978622437
-2.253,-1.9846220016479492
-2.86,-3.406935930252075
-2.77,-2.6953444480895996
-0.742,-0.9598860740661621
-3.364,-2.5685157775878906
-4.706,-4.482884407043457
-8.4,-7.731378078460693
-1.26,-0.805119514465332
-1.8,-1.6570221185684204
-1.56,-1.8313333988189697
-1.3,-1.214740514755249
-2.39,-2.285079002380371
-0.78,-1.2651344537734985
-3.68,-3.702190399169922
-1.64,-1.2072186470031738
-0.972,-1.5319585800170898
-8.6,-7.9937944412231445
-2.9,-4.067406177520752
-3.4,-3.181274890899658
-3.05,-3.047581195831299
-4.66,-4.362589359283447
-2.28,-1.7148029804229736
-2.17,-2.680699110031128
-1.75,-1.5702130794525146
-5.43,-4.408151626586914
-3.19,-3.107093334197998
-1.08,-0.9979456663131714
-4.53,-4.533182621002197
-1.37,-1.499158263206482
0.29,0.3645944893360138
-7.28,-6.91562032699585
-4.02,-4.116137981414795
-4.2,-4.171597480773926
-1.886,-1.4775007963180542
-3.78,-3.9400248527526855
0.07,-0.2516518533229828
-4.907,-4.402970314025879
-2.41,-2.2811970710754395
-4.314,-4.108071327209473
-1.84,-1.6148240566253662
-3.45,-4.210202217102051
-0.7,-0.7468599081039429
-2.15,-1.8559808731079102
-1.52,-1.4317195415496826
-1.17,-1.2652606964111328
-1.06,-1.5254539251327515
-5.24,-5.085333347320557
1.58,1.137444257736206
-0.96,-0.7189593315124512
-3.11,-3.1712851524353027
-8.23,-7.779196262359619
-2.53,-2.65134596824646
-2.0,-2.0636391639709473
-8.003,-7.771538734436035
-4.15,-4.067107200622559
-1.11,-0.9563819169998169
-2.523,-2.832627773284912
-2.08,-2.3460090160369873
-2.56,-2.369391918182373
-0.67,-0.4979233145713806
0.06,0.5486611723899841
-1.66,-1.499280571937561
0.62,-0.3516151010990143
-1.99,-2.0413320064544678
-7.32,-6.21637487411499
-2.89,-2.4609503746032715
-1.99,-2.232041597366333
-3.3,-3.1669905185699463
-1.4880000000000002,-1.5442836284637451
-3.21,-3.1590523719787598
-3.13,-3.5101795196533203
-2.29,-2.579712390899658
-1.17,-0.9788115620613098
-4.9,-4.385036468505859
-2.82,-2.917872190475464
-1.8359999999999999,-1.254884958267212
-5.67,-5.350236415863037
-5.47,-5.156796455383301
-2.322,-2.6946463584899902
-0.68,-0.6155742406845093
-1.47,-1.3918617963790894
-1.99,-2.0972373485565186
-6.62,-5.932684898376465
-1.73,-1.6680959463119507
-1.79,-1.7171630859375
-4.173,-4.801074981689453
0.58,0.6616289019584656
-0.62,-0.6318744421005249
-1.94,-1.7642900943756104
-2.68,-2.5861964225769043
1.02,0.505027174949646
-6.59,-7.22980260848999
-2.06,-2.343944787979126
-3.5039999999999996,-3.5579235553741455
-6.34,-5.696168422698975
-3.59,-3.031625747680664
-5.27,-5.534028053283691
-4.63,-4.418420314788818
-0.46,-0.5065634250640869
-4.76,-3.6052803993225098
-1.74,-1.828312873840332
-6.09,-5.663552284240723
-7.92,-8.436409950256348
-6.08,-5.479550838470459
-3.638,-3.4772095680236816
-4.3,-4.801766395568848
-7.87,-8.0921630859375
-2.11,-2.109539270401001
-3.81,-3.7554707527160645
-2.67,-2.6181998252868652
-1.155,-1.29572331905365
-0.9,-0.8893397450447083
-1.85,-1.879163384437561
-4.71,-4.867640495300293
-8.804,-7.818023681640625
-5.28,-5.56343936920166
-5.19,-4.550827980041504
-1.83,-2.2935354709625244
-2.96,-2.8758933544158936
-1.22,-0.805119514465332
-1.3,-1.337416410446167
-4.43,-4.402816295623779
-2.3369999999999997,-2.4812912940979004
-1.96,-1.9211597442626953
-3.15,-3.591226100921631
-6.98,-5.838621616363525
-7.01,-7.392411708831787
-0.7,-0.9889505505561829
-8.0,-7.769989967346191
-6.86,-6.44716739654541
-7.32,-7.453326225280762
-2.28,-2.2486281394958496
-2.05,-2.005180835723877
-1.742,-1.0877965688705444
-0.15,0.003812164766713977
-2.74,-2.646867036819458
-0.41,-0.5722066760063171
-4.45,-3.4656784534454346
-4.1,-3.53582763671875
-3.62,-2.8225040435791016
-0.62,-0.6293436884880066
-5.24,-4.17891263961792
-3.57,-3.812039613723755
-3.74,-3.8125827312469482
-3.09,-3.2653400897979736
0.36,0.055497150868177414
-7.2,-6.692110538482666
-4.57,-4.471468925476074
-4.11,-3.946927547454834
-3.32,-3.140838146209717
-5.64,-5.9313812255859375
-1.21,-1.1929423809051514
-3.536,-3.3026185035705566
-4.805,-4.25800085067749
-2.46,-2.0783956050872803
-0.66,-0.4727199673652649
-3.082,-2.902275800704956
-6.005,-5.160739421844482
-1.9469999999999998,-1.593030333518982
-5.53,-5.673087120056152
-2.98,-3.202054977416992
-1.24,-1.1504786014556885
-2.16,-1.367633581161499
-3.8169999999999997,-4.088133811950684
-5.071000000000001,-4.778716087341309
-1.45,-1.3597019910812378
-4.86,-4.693377494812012
-0.73,-0.5989050269126892
-2.54,-1.5336072444915771
-2.81,-3.003528594970703
-0.49,-0.4052431583404541
-6.025,-6.3875532150268555
-6.18,-6.086676597595215
-3.27,-3.0915350914001465
-8.71,-7.970965385437012
-1.08,-1.2190481424331665
-4.07,-3.971428394317627
-7.92,-7.491912841796875
-4.0,-4.2573628425598145
-1.96,-0.7791434526443481
-4.593999999999999,-3.6030380725860596
-2.38,-2.0889744758605957
-1.95,-1.4910309314727783
-3.68,-3.2666728496551514
-3.33,-3.3332009315490723
-2.59,-2.5685644149780273
-2.09,-1.8763014078140259
-3.55,-3.7239556312561035
-2.55,-2.5072903633117676
-3.083,-2.6507222652435303
0.81,-0.1458888053894043
-7.92,-8.018932342529297
-8.04,-6.710589408874512
-1.24,-1.6379680633544922
-7.39,-8.030827522277832
-1.1,-1.0326628684997559
-2.7,-2.855098247528076
-2.8,-2.551971912384033
-0.66,-0.6751776933670044
-0.7,-0.6441424489021301
-1.99,-1.99371337890625
-0.17,-0.21626059710979462
-1.62,-1.201706886291504
-3.0,-3.4764583110809326
-3.18,-3.4391307830810547
-4.74,-4.514728546142578
-1.36,-1.133654236793518
-0.8540000000000001,-0.4931454658508301
-8.49,-7.928297519683838
-3.67,-4.158425807952881
-1.49,-1.5154752731323242
-6.307,-6.485436916351318
-8.6,-7.374873161315918
-6.29,-6.086676597595215
-3.27,-3.080514430999756
-5.88,-5.576944828033447
-4.2860000000000005,-3.9045066833496094
-3.9,-3.640016555786133
-3.4,-3.2198455333709717
-7.66,-8.423282623291016
-4.74,-4.368391513824463
-4.925,-4.341147422790527
-0.6,-0.62674880027771
-2.68,-2.9913783073425293
-3.85,-3.4235336780548096
-5.27,-4.813981533050537
-2.33,-2.176565170288086
-3.51,-3.587608814239502
-5.752000000000001,-5.690976142883301
-2.168,-2.0632567405700684
-1.48,-1.4529249668121338
-1.62,-1.5492631196975708
-1.04,-0.8490667343139648
-0.28,0.0033602938055992126
-4.23,-3.9703192710876465
-4.6,-4.4474992752075195
-2.273,-1.6702547073364258
-2.23,-3.0291576385498047
-6.301,-5.67779541015625
-2.696,-3.3038768768310547
-1.9,-1.7094806432724
-4.37,-4.135095119476318
-1.57,-1.7037994861602783
1.1,1.6520297527313232
-5.6129999999999995,-4.381842136383057
-6.89,-6.427112579345703
-4.883,-4.218941688537598
-4.445,-4.432049751281738
-4.7,-4.5640363693237305
-1.8,-1.7870184183120728
-2.51,-2.603099822998047
-7.82,-8.047521591186523
1.1,1.1537624597549438
-2.0,-1.9075610637664795
-2.39,-2.3554625511169434
-1.85,-2.2807517051696777
-3.5610000000000004,-4.5550127029418945
-2.436,-2.236431837081909
0.02,-0.29918232560157776
0.64,0.4059825837612152
-5.507000000000001,-5.26906681060791
-5.46,-5.258927345275879
-0.59,0.3677757680416107
-1.3,-1.6276867389678955
-1.33,-0.8707257509231567
-0.41,-0.2637936472892761
-6.29,-6.2855095863342285
-2.82,-2.64565372467041
-3.46,-3.705432176589966
-3.8,-3.2827677726745605
-3.043,-3.51312255859375
-3.408,-2.837724208831787
-2.05,-1.2634992599487305
-3.05,-2.7274723052978516
0.61,-0.23319128155708313
-0.51,-0.42638444900512695
-3.7960000000000003,-3.702108860015869
-3.4989999999999997,-4.367079257965088
-4.69,-4.92197322845459
-2.25,-1.6530673503875732
-2.863,-2.7341115474700928
-0.85,-1.3441094160079956
-5.886,-5.387749671936035
-5.36,-4.5018815994262695
-1.4,-1.299102544784546
-1.614,-1.6510992050170898
-0.8,-0.8470137715339661
-4.47,-4.225785255432129
-6.144,-5.477352142333984
1.1440000000000001,0.5361372232437134
-4.88,-4.39793586730957
-4.28,-4.044909477233887
-1.34,-1.0862244367599487
-0.45,-0.4486890733242035
-3.5,-3.6696994304656982
-2.84,-4.39297342300415
-0.82,0.08585117757320404
1.34,1.8828001022338867
-3.66,-3.609295606613159
-5.03,-4.237662315368652
-1.95,-1.9224605560302734
-2.44,-2.3753418922424316
-3.28,-3.7369189262390137
-4.62,-4.073298931121826
-6.68,-6.47088098526001
-2.0,-2.1387667655944824
-4.8,-5.012436866760254
-2.22,-2.1953587532043457
-2.58,-2.6430504322052
-0.14,0.09589064121246338
0.358,0.18972866237163544
0.7,0.9936670064926147
-3.7960000000000003,-3.95701265335083
-3.1,-2.77730655670166
-1.16,-1.4370276927947998
-1.6,-1.579541802406311
-2.3,-2.4629602432250977
-4.37,-3.539170503616333
-5.05,-5.080385684967041
-3.658,-3.5304038524627686
-4.4,-4.371382713317871
-2.73,-2.392132520675659
-5.65,-5.578841686248779
-2.5180000000000002,-3.2134647369384766
-1.87,-1.4994730949401855
-0.12,-0.42308473587036133
-0.1,-0.6477100253105164
-5.8389999999999995,-4.181410312652588
-3.08,-3.0542209148406982
-0.6,-0.2516500651836395
-2.016,-2.319924831390381
-3.75,-3.749469041824341
-4.12,-4.007566928863525
-1.85,-1.5263534784317017
-2.74,-2.430263042449951
-2.21,-1.8821461200714111
-6.96,-6.4593658447265625
-6.176,-6.65182638168335
0.52,0.4993324279785156
-7.15,-7.113436222076416
-5.17,-4.913585662841797
-1.0,-1.5999534130096436
0.47,0.34193235635757446
-2.593,-2.434854030609131
-3.4010000000000002,-2.5205466747283936
-1.807,-1.6630487442016602
-2.478,-3.0805506706237793
-2.281,-2.7899880409240723
-3.35,-4.055701732635498
-2.21,-0.9491697549819946
-4.14,-4.410759449005127
-2.461,-2.7199089527130127
-2.82,-2.908820390701294
-4.12,-3.860661745071411
-2.06,-2.1780333518981934
-3.06,-2.116009473800659
-6.124,-5.295060157775879
0.49,0.32557588815689087
-1.34,-1.8989551067352295
-0.88,-0.881999135017395
-2.928,-3.2196991443634033
-4.862,-4.471856594085693
-3.5380000000000003,-3.7392311096191406
-1.25,-1.868756890296936
-2.33,-1.7264961004257202
-2.084,-2.9548661708831787
-2.77,-2.5373549461364746
-3.8,-3.618539810180664
-6.78,-6.563323974609375
-7.8,-7.50546932220459
-0.244,0.18972866237163544
0.58,0.7349358797073364
-3.028,-3.1576056480407715
0.45,0.6311650276184082
-1.55,-1.4142751693725586
-5.292999999999999,-4.7876482009887695
-1.11,-1.489794373512268
0.522,-0.07857591658830643
-3.2,-3.1864683628082275
-2.8310000000000004,-3.2986233234405518
-5.4,-4.783654689788818
-2.06,-2.0258865356445312
-4.15,-4.0736403465271
-6.01,-5.599090099334717
-2.78,-2.5741488933563232
-4.35,-4.576052188873291
-3.36,-3.676032543182373
-0.39,-0.3444536328315735
-6.876,-7.284999847412109
-4.29,-4.5524749755859375
-1.28,-1.122016429901123
-0.44,-0.3942755162715912
-5.84,-5.921427249908447
-5.85,-5.795018196105957
-3.36,-3.2368099689483643
0.1,0.20577862858772278
-1.06,-0.9127500653266907
-0.72,-0.45944738388061523
-2.6919999999999997,-2.402712345123291
-3.6,-3.4603400230407715
0.009000000000000001,-0.36936870217323303
0.3,0.1815657913684845
-8.057,-6.9055681228637695
-3.85,-3.7443904876708984
-7.85,-7.7161431312561035
-2.616,-2.0508852005004883
-0.807,-0.5138380527496338
-3.68,-4.0998945236206055
-3.924,-3.5844502449035645
-0.4,-0.32391345500946045
-1.98,-1.8485885858535767
-8.4,-7.063084602355957
-2.878,-2.504699945449829
-1.82,-1.254884958267212
-0.8,-0.7341290712356567
-7.8,-7.873152732849121
-3.38,-3.4084861278533936
-2.349,-1.8322206735610962
-1.8030000000000002,-1.2208797931671143
-2.09,-2.036146640777588
-1.71,-1.9795860052108765
-2.41,-2.2100672721862793
-3.2460000000000004,-3.7610862255096436
-4.06,-3.9272072315216064
-2.03,-2.0873782634735107
-4.4319999999999995,-4.576262950897217
-3.0,-2.765429735183716
-3.96,-4.863457679748535
0.0,-0.14418181777000427
-3.21,-3.3506038188934326
-2.13,-2.168612003326416
-3.82,-3.853652238845825
-0.95,-1.0132477283477783
-2.4,-2.5699501037597656
-3.37,-3.1690919399261475
0.43,0.8396174311637878
-2.36,-2.2368528842926025
-5.115,-6.23745584487915
-3.63,-3.6675705909729004
-4.0969999999999995,-3.8567733764648438
-5.184,-4.806698799133301
-1.46,-1.3508505821228027
-6.6370000000000005,-6.396538734436035
-2.154,-2.024165391921997
0.46,0.47666382789611816
-6.51,-6.6500654220581055
-3.03,-2.6409220695495605
-3.38,-3.001842737197876
-3.73,-3.9011826515197754
-3.6039999999999996,-4.536208152770996
-4.03,-3.73176646232605
-1.92,-1.741663932800293
-2.404,-3.605950117111206
-2.77,-2.5543227195739746
-4.64,-4.465899467468262
-1.5,-1.713544249534607
-2.18,-2.070528268814087
-3.8960000000000004,-4.1584672927856445
-3.01,-3.078437089920044
-4.13,-4.245536804199219
-7.278,-7.15435791015625
-1.34,-1.539172649383545
-2.266,-1.9212909936904907
-2.57,-2.555105209350586
-2.68,-2.9913783073425293
-0.72,-0.9896233677864075
-1.827,-1.2076371908187866
-2.21,-1.8893744945526123
-1.04,-1.6092369556427002
-3.583,-2.7175967693328857
-4.15,-4.278214454650879
-3.59,-3.602017879486084
-4.43,-4.167130947113037
-0.22,-0.3274005949497223
-3.15,-3.4042904376983643
-3.22,-3.2974560260772705
-3.55,-3.3649849891662598
-0.89,-0.8177766799926758
-2.7,-2.932264804840088
-2.8,-2.5623013973236084
-0.85,-0.8467515707015991
-2.0,-2.132993221282959
-3.9,-3.5579330921173096
-4.376,-4.144513130187988
-2.35,-2.470895528793335
-5.16,-4.937005043029785
-3.0,-2.663675546646118
-2.32,-2.098580837249756
-2.39,-2.4574387073516846
-6.523,-5.941598415374756
-4.16,-4.005458354949951
-7.21,-7.486083984375
-3.239,-3.2232234477996826
-1.85,-1.648249864578247
-1.36,-1.0482056140899658
-1.77,-2.2404391765594482
-0.01,0.004043933004140854
-1.456,-2.621565818786621
-3.952,-4.0307722091674805
-1.139,-1.3125627040863037
-2.5639999999999996,-2.753823757171631
-3.8930000000000002,-3.683565855026245
-5.41,-5.6182942390441895
-2.6,-2.8179593086242676
-4.046,-3.6609408855438232
-4.16,-3.834641933441162
-2.19,-1.7429357767105103
-4.89,-4.568408012390137
-2.55,-2.6412851810455322
-3.96,-3.8113949298858643
-1.94,-2.3001999855041504
-1.25,-1.5134847164154053
-2.59,-2.8438220024108887
-2.22,-2.080306053161621
-2.617,-3.6151347160339355
-3.18,-3.3817028999328613
-1.64,-1.828312873840332
1.09,0.5486611723899841
-3.48,-2.65150785446167
-3.8,-3.8155078887939453
-1.06,-0.7548658847808838
-3.61,-3.3563804626464844
-1.4,-1.193966031074524
-1.63,-1.6747249364852905
-4.44,-4.576786994934082
-2.03,-2.0570647716522217
-5.696000000000001,-4.803723335266113
-1.47,-1.274080514907837
-2.54,-2.7427427768707275
-0.31,0.0410408191382885
-4.21,-4.5815277099609375
-2.338,-2.8659186363220215
-2.51,-2.531895160675049
-3.6639999999999997,-3.5488734245300293
-0.092,-0.07144778966903687
-5.46,-5.565655708312988
-5.21,-5.166882514953613
-7.25,-6.914362907409668
-2.74,-2.744357109069824
-2.16,-1.635999321937561
-4.11,-3.802691698074341
-2.19,-2.1306796073913574
-4.47,-4.3638200759887695
-0.24,-0.14969587326049805
-3.38,-3.629063367843628
-0.5,-0.7098748087882996
-4.57,-3.8235535621643066
-2.85,-2.7089791297912598
-2.78,-2.5646464824676514
-3.03,-3.1277499198913574
-5.2589999999999995,-5.597092628479004
-4.26,-4.249815940856934
-6.726,-6.814211368560791
-1.96,-2.1801669597625732
-2.42,-1.4742600917816162
-3.27,-3.457143783569336
-4.29,-4.6816887855529785
-1.6,-1.3952245712280273
-3.3,-3.068289279937744
-2.1,-2.0508852005004883
-1.716,-2.1578164100646973
-1.6,-1.4847183227539062
-1.506,-1.5608370304107666
-2.322,-2.6486926078796387
-3.955,-4.070407867431641
-3.324,-3.4956061840057373
-3.63,-3.360072612762451
-0.36,-0.2643377482891083
-2.31,-2.2275404930114746
-11.6,-9.406856536865234
-1.29,-1.1571542024612427
-4.678,-5.085787773132324
-3.1,-3.3275818824768066
-6.47,-6.893587589263916
-2.23,-1.588541030883789
0.38,0.41256675124168396
-2.18,-2.234029531478882
-3.08,-2.807931423187256
-3.39,-2.6067328453063965
-0.24,-0.39353394508361816
-2.93,-3.001617908477783
-9.16,-8.858940124511719
0.74,0.5096282958984375
-4.63,-4.809208393096924
-3.43,-3.5706849098205566
-3.12,-3.538525104522705
-3.0210000000000004,-3.412179470062256
-3.18,-3.084275484085083
-6.9,-7.071206569671631
-0.8,-0.7464865446090698
-3.76,-3.4046928882598877
-4.64,-4.575392246246338
-3.094,-3.1045918464660645
-4.873,-4.222797393798828
-5.666,-5.734982490539551
-1.01,-1.393318772315979
0.96,1.0725829601287842
-2.55,-2.610865831375122
-3.84,-3.917457103729248
-5.03,-4.257523536682129
-4.571000000000001,-4.17429256439209
-0.18,-0.18389078974723816
-2.24,-2.5905978679656982
-3.69,-3.8747565746307373
-3.2,-3.56238055229187
-5.06,-4.98570442199707
-1.655,-1.5949772596359253
-3.09,-3.306641101837158
-2.35,-2.487091541290283
-6.96,-6.19744873046875
-1.52,-1.5803086757659912
-1.19,-0.9623590707778931
-6.25,-6.337272644042969
-3.04,-2.7857329845428467
-4.8,-4.726641654968262
-0.74,-1.4275531768798828
-2.68,-2.552424669265747
-4.28,-4.2481584548950195
-0.55,-0.5515076518058777
-0.89,-0.9750036001205444
-1.38,-1.0450156927108765
-2.92,-3.0541224479675293
-5.0,-4.82680606842041
-7.39,-6.849814414978027
-7.2,-6.692110538482666
0.94,0.7976436614990234
-3.59,-3.025747299194336
-2.296,-2.2017626762390137
-1.92,-2.7214035987854004
-4.24,-4.594813346862793
-2.73,-2.818913459777832
-1.29,-1.3722076416015625
-4.3,-4.480267524719238
-2.647,-2.9996509552001953
-4.54,-4.754653453826904
-4.06,-3.6938819885253906
-6.56,-5.590693473815918
-2.54,-2.44854736328125
-4.71,-4.428023338317871
-5.736000000000001,-5.73586368560791
-4.16,-3.74084734916687
-4.31,-4.255688667297363
-2.36,-2.490344524383545
-2.36,-2.3070130348205566
-3.54,-3.722963809967041
-4.743,-4.223818778991699
