y_train,y_train_pre
-4.07,-4.209296226501465
-1.17,-0.9610719680786133
-6.35,-4.6195173263549805
-3.931,-4.551484107971191
-5.89,-4.213610649108887
-3.408,-1.986009955406189
-2.154,-3.03535795211792
-0.28,-1.6419185400009155
-3.53,-3.3263111114501953
-4.64,-3.681553602218628
-4.0,-3.3461544513702393
-6.237,-4.00174617767334
-3.5039999999999996,-3.424894332885742
-2.96,-2.002234935760498
-4.74,-3.229188919067383
-0.89,-2.0958240032196045
-4.1,-2.608574390411377
-2.73,-2.4716618061065674
-3.6,-3.267294406890869
-2.273,-1.80178701877594
-5.82,-3.512298583984375
-1.716,-3.4626247882843018
-2.74,-2.5934226512908936
-3.78,-3.898852586746216
-4.047,-4.011860370635986
-2.39,-3.3733482360839844
-2.06,-2.364858388900757
-3.8169999999999997,-4.660208702087402
-0.82,-2.0338501930236816
-2.67,-2.6383280754089355
-5.41,-4.576353073120117
-2.452,-3.15765380859375
-4.57,-4.653068542480469
-0.01,-1.4159376621246338
-3.84,-2.4004907608032227
-0.46,-2.111569881439209
1.1,-0.709985613822937
-5.931,-4.54590368270874
0.43,-0.5655487775802612
-4.88,-3.7679126262664795
-4.3,-2.7774295806884766
-4.63,-4.060479640960693
-4.37,-3.5889859199523926
-5.66,-4.704920768737793
-1.93,-3.5836994647979736
-2.22,-3.335265636444092
-3.583,-2.480550765991211
-3.67,-3.996593952178955
-4.29,-3.7500545978546143
-6.291,-4.3572893142700195
-5.115,-4.91414737701416
-0.59,-1.1632769107818604
-2.5810000000000004,-2.7253079414367676
-1.74,-1.9673471450805664
-1.01,-1.9570108652114868
-5.28,-3.984373092651367
-8.176,-4.464352130889893
-2.92,-2.954204797744751
-3.451,-4.086756706237793
-4.4319999999999995,-3.4141623973846436
-5.85,-4.217404365539551
-6.144,-4.660403728485107
-4.17,-3.751997470855713
-7.43,-4.433951377868652
0.32,-0.558286190032959
-4.55,-2.9435906410217285
-4.66,-3.1088547706604004
-4.9,-4.307459354400635
-3.6719999999999997,-3.518580675125122
0.74,-1.5143325328826904
-1.85,-2.214430093765259
-1.29,-2.6877284049987793
-2.48,-2.9220006465911865
-8.01,-4.5414958000183105
-5.06,-3.489872455596924
-0.77,-2.49759578704834
-3.59,-4.2439470291137695
-3.75,-3.2957916259765625
-3.364,-2.0790858268737793
-2.09,-3.2874388694763184
-3.1,-3.007981777191162
-1.7080000000000002,-2.119628667831421
-2.73,-3.8401520252227783
-2.19,-2.028167724609375
-4.24,-3.298374652862549
-2.67,-3.151654005050659
0.94,-0.6183333396911621
-2.369,-3.1153464317321777
-0.39,-1.5205090045928955
-0.8,-1.0601599216461182
-1.077,-1.9131724834442139
-6.25,-4.16143274307251
-2.09,-0.8026374578475952
-3.5610000000000004,-3.455467700958252
-6.89,-4.320996284484863
-1.98,-2.9083473682403564
-1.56,-3.0211985111236572
-3.37,-2.657654285430908
-2.68,-1.5607837438583374
-4.63,-4.56373405456543
-0.62,-2.394784927368164
-3.76,-3.3993422985076904
-2.33,-0.7588071823120117
-8.057,-4.544752597808838
-4.08,-3.804999589920044
-1.601,-3.152738332748413
-4.11,-3.653794527053833
-2.766,-1.8774811029434204
-6.57,-4.310817241668701
-3.54,-3.139556646347046
-4.4,-3.509070634841919
0.54,-1.289886474609375
-4.47,-3.770859479904175
-3.35,-3.7994797229766846
-4.6339999999999995,-3.6323153972625732
-4.0,-3.2766594886779785
-4.65,-4.558438301086426
1.58,-0.4184083044528961
-2.356,-2.7969045639038086
-2.06,-1.79006028175354
-0.17,-2.1697185039520264
-0.4,-0.29313600063323975
0.009000000000000001,-2.026793956756592
-7.42,-4.5370025634765625
-0.72,-1.6744163036346436
-5.19,-3.48832368850708
-3.05,-2.7948617935180664
-3.26,-3.9814956188201904
-3.27,-2.663034439086914
-2.28,-3.3324923515319824
0.28,-1.0476844310760498
-4.36,-1.788739800453186
-4.207,-4.268172264099121
-4.445,-4.927704334259033
-0.14,-1.051034927368164
-0.8,-2.146883010864258
-1.8359999999999999,-2.3257970809936523
-6.51,-4.242531776428223
-1.06,-0.9888530969619751
-3.168,-3.510993242263794
-1.21,-1.3702884912490845
-4.15,-3.6182446479797363
-2.253,-2.974766969680786
-0.18,-0.9233319163322449
-3.955,-4.594771862030029
-4.25,-3.2295761108398438
-4.37,-4.215797424316406
-4.57,-3.364809513092041
-2.3369999999999997,-3.802645206451416
-2.38,-2.6398227214813232
-5.507000000000001,-4.822718620300293
-0.22,-0.5172892808914185
-1.99,-1.7068471908569336
-2.29,-1.5033448934555054
-5.666,-4.591934680938721
-8.04,-4.527561664581299
-1.45,-3.133758068084717
1.02,-1.8811107873916626
-2.67,-3.148911237716675
-2.54,-1.5619009733200073
-5.26,-4.079794406890869
-3.18,-1.9424787759780884
-6.176,-4.429032325744629
-2.23,-2.6246871948242188
-2.06,-2.213940382003784
-7.278,-3.997645854949951
1.12,-1.2326922416687012
-1.24,-2.674975872039795
-3.928,-3.8544387817382812
-0.59,-1.7108790874481201
-6.14,-4.1600470542907715
1.09,-1.5612828731536865
-3.239,-3.0629818439483643
-3.73,-4.0273661613464355
-0.66,-1.5476442575454712
-1.09,-2.414262294769287
-6.56,-3.9787845611572266
-8.0,-4.714886665344238
-2.68,-3.8993992805480957
-0.51,-1.596043348312378
-1.9469999999999998,-2.7388906478881836
-5.17,-4.145176887512207
-2.15,-1.9414072036743164
-0.6,-2.250122547149658
-5.27,-3.990086317062378
-4.7,-4.0034356117248535
-5.43,-3.989600419998169
-0.41,-2.1356759071350098
-1.52,-2.6570115089416504
-3.67,-2.7816083431243896
-5.51,-3.5424644947052
-0.667,-1.8617737293243408
-0.91,-2.8351805210113525
-5.284,-4.649515151977539
-4.345,-3.5204215049743652
0.523,-2.6549127101898193
-3.66,-2.9609999656677246
-8.017000000000001,-4.239645957946777
-3.14,-3.2395317554473877
-0.63,-0.6521113514900208
-3.42,-3.569504499435425
-2.8310000000000004,-3.058713436126709
-1.96,-2.317383050918579
-1.64,-0.9414831399917603
-2.08,-2.877969741821289
-9.332,-4.952841281890869
-3.55,-1.9491660594940186
-4.8,-4.258944988250732
-3.22,-2.2131195068359375
-1.34,-1.6637828350067139
-3.42,-3.569504499435425
-5.24,-4.28618860244751
-5.36,-3.931382417678833
0.0,-2.0744128227233887
-1.8,-2.307343006134033
-2.46,-2.5644140243530273
-2.32,-2.682114839553833
-1.8,-1.868857979774475
-4.0,-3.0771868228912354
-0.466,-2.9351773262023926
-8.4,-4.830740928649902
-2.07,-3.529573917388916
-3.7960000000000003,-3.5671615600585938
-3.03,-1.7978709936141968
-7.21,-4.438035488128662
-3.19,-2.615962266921997
-2.63,-3.102661371231079
-2.8,-2.597238540649414
-1.38,-2.6854095458984375
-0.67,-1.4725624322891235
-2.05,-2.970045804977417
-3.82,-2.230520725250244
-5.84,-4.519935607910156
-2.64,-3.1465232372283936
-2.1,-2.806166410446167
-0.8759999999999999,-2.6475090980529785
-3.76,-2.824570417404175
-1.155,-1.749060869216919
-6.08,-3.7853198051452637
-1.33,-1.5786771774291992
-2.016,-2.460775852203369
-5.752000000000001,-4.002111911773682
-4.31,-4.536582946777344
-1.85,-3.2072930335998535
-0.43,-1.8708868026733398
-3.08,-2.4260082244873047
-1.456,-2.0797698497772217
-3.37,-3.069855213165283
1.34,-0.33531731367111206
-0.49,-2.248882532119751
-3.18,-1.259704351425171
-4.36,-2.405334234237671
-4.593999999999999,-4.4031782150268555
-6.6370000000000005,-4.6839752197265625
-4.2,-3.4847819805145264
-2.296,-2.3613851070404053
-3.59,-3.453730344772339
-1.94,-0.8974622488021851
-3.7960000000000003,-3.585965394973755
-1.8769999999999998,-2.84830641746521
-3.61,-3.688276767730713
-3.927,-3.6786484718322754
-5.37,-4.592385768890381
-5.72,-3.5303149223327637
-1.11,-2.063122272491455
-4.35,-3.511453628540039
-4.678,-4.299282550811768
-3.082,-3.467294216156006
-3.1,-3.4218602180480957
-0.89,-1.0203508138656616
-2.03,-0.753704845905304
-5.05,-3.2441658973693848
-3.043,-3.7395904064178467
-7.92,-4.623528480529785
-1.506,-1.8872547149658203
0.61,-2.050053596496582
-1.6,-2.8437304496765137
-2.92,-2.266181230545044
-2.253,-2.5421385765075684
-0.72,-1.5703065395355225
-3.28,-3.3034114837646484
-2.68,-1.6722536087036133
-0.17,-3.131070375442505
-1.96,-2.317383050918579
-4.26,-1.5778616666793823
-1.6,-2.1870131492614746
-4.69,-3.7923080921173096
-0.22,-0.5739625692367554
-1.228,-1.9046440124511719
-3.85,-4.382300853729248
-6.39,-3.9843380451202393
-3.63,-2.690424680709839
-3.4,-3.6424343585968018
-3.33,-3.0088939666748047
-3.39,-1.7237224578857422
-1.34,-2.057081937789917
-4.21,-4.5354390144348145
-4.47,-2.7465336322784424
-8.172,-4.892591953277588
-1.8030000000000002,-2.1895718574523926
-3.9530000000000003,-4.246917247772217
-3.04,-2.642261505126953
0.76,-1.7633739709854126
-0.62,-1.6289966106414795
-1.99,-3.8217997550964355
-4.48,-3.066774606704712
-5.886,-4.435797691345215
-2.33,-2.192401170730591
-4.31,-2.7794997692108154
-4.53,-2.8080058097839355
-2.17,-2.687717914581299
-1.36,-0.3448299765586853
-2.21,-2.282858371734619
-3.638,-4.299294471740723
-1.92,-3.38452410697937
-0.85,-3.0964560508728027
-1.96,-2.0386996269226074
-2.55,-3.592313051223755
-2.68,-2.36796236038208
-2.77,-2.266191244125366
-4.0,-3.2188072204589844
-2.44,-2.182163715362549
-0.85,-1.9212356805801392
-3.571,-3.9304656982421875
-2.16,-3.1995997428894043
-1.655,-2.55214786529541
-2.12,-2.191312074661255
-4.24,-3.809450626373291
-1.48,-1.5210673809051514
-6.57,-4.621279716491699
-1.92,-2.2473044395446777
-3.3,-3.3412697315216064
-2.05,-2.528221607208252
-0.09,-1.5050195455551147
-2.46,-2.606980085372925
-5.46,-3.8905582427978516
-5.23,-3.5393950939178467
-2.17,-3.3826892375946045
-2.21,-2.0806097984313965
-1.4,-2.6765081882476807
-8.71,-4.536013603210449
-1.54,-0.9519714117050171
-3.04,-2.808504581451416
-1.52,-1.7116241455078125
-3.535,-4.343432426452637
-1.14,-2.0804100036621094
-2.64,-3.43310546875
-3.96,-3.6356868743896484
0.6509999999999999,-1.4022772312164307
-3.9,-2.8122124671936035
-2.73,-0.8577319383621216
0.96,-0.26858824491500854
-2.51,-2.0263171195983887
-5.382000000000001,-4.233316898345947
-4.15,-3.395325183868408
-2.658,-2.7811899185180664
-0.96,-2.23279070854187
-1.87,-2.4981396198272705
-0.73,-2.385502338409424
-2.461,-3.461923599243164
-0.03,-2.6933186054229736
-3.81,-3.4572341442108154
-1.6,-0.9663184881210327
-6.68,-4.524860382080078
-6.47,-4.311889171600342
-6.34,-3.7607223987579346
-4.64,-2.426447868347168
-1.96,-2.0945708751678467
-5.84,-4.212618350982666
-3.21,-2.690434694290161
-7.96,-4.442197322845459
-0.1,-1.6798378229141235
-7.92,-4.43654727935791
-1.3,-2.381347417831421
-2.39,-2.7831833362579346
-4.02,-4.525079250335693
-5.24,-3.1646366119384766
-5.153,-3.9166698455810547
-1.55,-2.8320605754852295
-0.31,-0.5214107632637024
-1.99,-2.2794690132141113
-4.15,-4.193745136260986
-2.617,-2.8324227333068848
-2.6,-2.1792120933532715
-5.54,-3.6101672649383545
0.0,-1.7759230136871338
-3.46,-2.8327138423919678
-6.2,-4.57871150970459
-4.28,-1.577345848083496
-1.79,-2.829131603240967
-4.11,-3.1491012573242188
-3.35,-3.3576385974884033
-7.39,-4.538660049438477
-2.843,-2.6294379234313965
-2.7,-3.723965883255005
-3.083,-4.1620683670043945
-2.33,-2.623610734939575
-7.68,-4.538544654846191
-2.56,-3.4261982440948486
-4.02,-3.556272506713867
-4.081,-4.1650004386901855
-3.6639999999999997,-3.828989028930664
-3.37,-4.480349540710449
-2.92,-3.351313352584839
-1.09,-0.9294124841690063
-3.2460000000000004,-3.753396987915039
-2.13,-2.609306573867798
-0.41,-0.5737557411193848
-2.281,-3.030987024307251
0.15,-1.7768266201019287
-3.2,-2.6328868865966797
-1.23,-2.9559860229492188
-0.77,-2.996492862701416
-2.5180000000000002,-2.820239543914795
-2.338,-3.811208724975586
-0.8,-2.07641863822937
-4.7989999999999995,-4.343432426452637
-1.04,-3.106301784515381
-4.44,-2.8982126712799072
-2.77,-2.5884881019592285
0.1,-1.0769970417022705
-4.93,-4.205618858337402
-1.08,-0.48912906646728516
-2.616,-2.806166410446167
-4.7,-3.7017009258270264
-1.82,-2.3257970809936523
-2.82,-2.0198354721069336
0.26,-0.5014616847038269
-1.28,-2.1830809116363525
-7.32,-4.805006980895996
-1.95,-3.1468682289123535
-3.32,-3.1741700172424316
-7.11,-4.336523532867432
-4.632,-3.4649195671081543
-2.82,-2.285221576690674
-2.3,-3.473262071609497
-4.12,-4.556522369384766
-0.6,-0.7938286066055298
-2.322,-3.11358904838562
-2.54,-3.2025980949401855
-5.47,-3.455467700958252
-2.23,-2.3238577842712402
-6.02,-3.8814125061035156
-8.6,-4.809972286224365
-0.41,-2.691533327102661
-4.1,-3.9999003410339355
-0.45,-0.6073980927467346
-2.21,-2.4604408740997314
-4.62,-4.027838230133057
-1.73,-1.4687608480453491
-1.64,-1.9499969482421875
-3.11,-2.965089797973633
-1.32,-1.5543076992034912
-5.282,-4.519561767578125
-4.74,-2.235231637954712
-6.96,-4.214290142059326
-3.93,-3.5470263957977295
